SetDesc: 'CT18NNLO, 2023 update, NNLO QCD with HOPPET evolution of alpha_s and PDFs. This set has 59 member PDFs. mem=0 --> central value; mem=1-58 --> eigenvector sets 90%'
Authors: T.-J. Hou, K. Xie, J. Gao, S. Dulat, M. Guzzi, T. J. Hobbs, J. Huston, P. Nadolsky, J. Pumplin, C. Schmidt, I. Sitiwaldi, D. Stump, C.-P. Yuan
Reference: 'Phys.Rev.D 103 (2021) 1, 014013, arXiv: 1912.10053 [hep-ph]'
Format: lhagrid1
DataVersion:     2
NumMembers:    59
SetIndex: 000000
Flavors: [-5, -4, -3, -2, -1, 1, 2, 3, 4, 5, 21]
OrderQCD:     2
FlavorScheme: variable
NumFlavors: 5
ErrorType: hessian
ErrorConfLevel: 90
XMin:   1.000000e-09
XMax:   1.000000E+00
QMin:   1.295000E+00
QMax:   1.000000E+05
MZ:  91.1870
MUp:   0.0010
MDown:   0.0010
MStrange:   0.2000
MCharm:   1.3000
MBottom:   4.7500
MTop: 172.0000
AlphaS_MZ:  0.118000
AlphaS_OrderQCD:     2
AlphaS_Type: ipol
AlphaS_Qs: [ 1.295000E+00, 1.296247E+00, 1.297497E+00, 1.298747E+00, 1.300000E+00, 1.432626E+00, 1.584601E+00, 1.759405E+00, 1.961248E+00, 2.195260E+00, 2.467705E+00, 2.786280E+00, 3.160484E+00, 3.602095E+00, 4.125798E+00, 4.750000E+00, 5.505036E+00, 6.416152E+00, 7.521954E+00, 8.872077E+00, 1.053075E+01, 1.258165E+01, 1.513452E+01, 1.833434E+01, 2.237406E+01, 2.751241E+01, 3.409912E+01, 4.261077E+01, 5.370236E+01, 6.828204E+01, 8.762045E+01, 1.135122E+02, 1.485169E+02, 1.963222E+02, 2.622974E+02, 3.543449E+02, 4.842279E+02, 6.696621E+02, 9.376523E+02, 1.329884E+03, 1.911546E+03, 2.785971E+03, 4.119261E+03, 6.182323E+03, 9.423706E+03, 1.459778E+04, 2.299400E+04, 3.685377E+04, 6.014194E+04, 1.000000E+05]
AlphaS_Vals: [ 3.787120E-01, 3.784592E-01, 3.782066E-01, 3.779543E-01, 3.777023E-01, 3.579302E-01, 3.383670E-01, 3.203897E-01, 3.038039E-01, 2.884479E-01, 2.741854E-01, 2.609010E-01, 2.484959E-01, 2.368849E-01, 2.259944E-01, 2.157600E-01, 2.072592E-01, 1.988810E-01, 1.908971E-01, 1.832834E-01, 1.760179E-01, 1.690800E-01, 1.624512E-01, 1.561142E-01, 1.500530E-01, 1.442527E-01, 1.386997E-01, 1.333811E-01, 1.282849E-01, 1.234002E-01, 1.187164E-01, 1.142238E-01, 1.099133E-01, 1.057764E-01, 1.018049E-01, 9.799124E-02, 9.432833E-02, 9.080940E-02, 8.742808E-02, 8.417835E-02, 8.105452E-02, 7.805118E-02, 7.516321E-02, 7.238577E-02, 6.971423E-02, 6.714423E-02, 6.467158E-02, 6.229231E-02, 6.000266E-02, 5.779902E-02]
